[	
	{
		"id": 0,
		"img_name": "DSC00741_1",
		"width": 4307,
		"height": 2871,
		"position": [
			-3.791665385009637,
			0.7010474448737621,
			0.5987756614132618
		],
		"rotation": [
			[
				0.27716779086503409,
				-0.1523347640123941,
				0.948668611992768
			],
			[
				0.2925361050389189,
				0.9538550745708522,
				0.0676987737266533
			],
			[
				-0.9152052463549665,
				0.2587559011669535,
				0.30894132235041407
			]
		],
		"fy": 5544.176529399524,
		"fx": 5544.176529399524
	},
	{
		"id": 1,
		"img_name": "DSC00740_1",
		"width": 4307,
		"height": 2871,
		"position": [
			-2.7674458534748238,
			1.0191350588069248,
			-2.7019031999835878
		],
		"rotation": [
			[
				0.8780215237949,
				-0.12681170936999826,
				0.4615159738508961
			],
			[
				0.14165271692447643,
				0.9899132321309768,
				0.002510107550831787
			],
			[
				-0.4571790803840395,
				0.06317106314335464,
				0.8871283476704721
			]
		],
		"fy": 5544.176529399524,
		"fx": 5544.176529399524
	},
	{
		"id": 2,
		"img_name": "DSC00732_1",
		"width": 4307,
		"height": 2871,
		"position": [
			-1.8772608440383805,
			0.2656291078512852,
			-1.1739603939343964
		],
		"rotation": [
			[
				0.8786463360413924,
				-0.29955157422315506,
				0.371819136868271
			],
			[
				0.2336450473451433,
				0.9488595105765965,
				0.21231020003623814
			],
			[
				-0.4164019788763283,
				-0.09967187952863826,
				0.9037006741278365
			]
		],
		"fy": 5544.176529399524,
		"fx": 5544.176529399524
	},
	{
		"id": 3,
		"img_name": "DSC00731_1",
		"width": 4307,
		"height": 2871,
		"position": [
			-1.4803588345755168,
			0.5486872060752587,
			-1.8784854074235922
		],
		"rotation": [
			[
				0.9670650235643231,
				-0.13758780899433083,
				0.21413742086490834
			],
			[
				0.1103698279806348,
				0.9847753449440756,
				0.13429825412790126
			],
			[
				-0.22935505503489649,
				-0.10624083398776956,
				0.9675273349748433
			]
		],
		"fy": 5544.176529399524,
		"fx": 5544.176529399524
	},
	{
		"id": 4,
		"img_name": "DSC00735_1",
		"width": 4307,
		"height": 2871,
		"position": [
			0.0902619886592659,
			-0.5712710040208924,
			-1.813783802942096
		],
		"rotation": [
			[
				0.993404588355133,
				-0.058018816726625638,
				-0.09889964985080128
			],
			[
				0.09309921678901948,
				0.9116234151041224,
				0.4003439581999063
			],
			[
				0.06693175381117711,
				-0.4069110049378603,
				0.9110123898126858
			]
		],
		"fy": 5544.176529399524,
		"fx": 5544.176529399524
	},
	{
		"id": 5,
		"img_name": "DSC00736_1",
		"width": 4307,
		"height": 2871,
		"position": [
			-0.44370282938631319,
			0.8335927832641042,
			-1.7700339463203514
		],
		"rotation": [
			[
				0.9999945463594006,
				0.0009436992557401615,
				0.0031649144018845107
			],
			[
				-0.0009367690352621937,
				0.9999971621476539,
				-0.0021904703635383536
			],
			[
				-0.003166972565576542,
				0.0021874936236893074,
				0.9999925925507723
			]
		],
		"fy": 5544.176529399524,
		"fx": 5544.176529399524
	},
	{
		"id": 6,
		"img_name": "DSC00730_1",
		"width": 4307,
		"height": 2871,
		"position": [
			1.0646324657524485,
			0.7252882708940619,
			-2.1409981983653965
		],
		"rotation": [
			[
				0.9475924945192545,
				0.03901529890776324,
				-0.31709031959666397
			],
			[
				-0.016543585230962226,
				0.9971759988440827,
				0.0732552872973113
			],
			[
				0.3190529330980714,
				-0.0641703496986234,
				0.9455619451421858
			]
		],
		"fy": 5544.176529399524,
		"fx": 5544.176529399524
	},
	{
		"id": 7,
		"img_name": "DSC00729_1",
		"width": 4307,
		"height": 2871,
		"position": [
			2.4301942813094454,
			0.5269693693910194,
			-1.0822893882327385
		],
		"rotation": [
			[
				0.6985350271303154,
				0.20506563371570064,
				-0.6855632003986414
			],
			[
				-0.16759560947606937,
				0.9782952709617276,
				0.12186088173923743
			],
			[
				0.695672715834389,
				0.029773288073332614,
				0.7177416135078889
			]
		],
		"fy": 5544.176529399524,
		"fx": 5544.176529399524
	},
	{
		"id": 8,
		"img_name": "DSC00728_1",
		"width": 4307,
		"height": 2871,
		"position": [
			3.263405119143778,
			0.08862266853666044,
			0.5800189139956544
		],
		"rotation": [
			[
				0.21515075629825745,
				0.29365160520840008,
				-0.9313854662935308
			],
			[
				-0.26091866932539717,
				0.9363357673978854,
				0.23493994698406843
			],
			[
				0.9410800178846385,
				0.19246834921602774,
				0.27807253458100697
			]
		],
		"fy": 5544.176529399524,
		"fx": 5544.176529399524
	},
	{
		"id": 9,
		"img_name": "DSC00750_1",
		"width": 4307,
		"height": 2871,
		"position": [
			2.6007313565426686,
			-0.07570029272070199,
			1.6293933171738336
		],
		"rotation": [
			[
				-0.04412804039919894,
				0.38639723263249528,
				-0.9212762314661528
			],
			[
				-0.3301922299104608,
				0.8647081942354771,
				0.37848755610822645
			],
			[
				0.9428816507692175,
				0.3209001673978526,
				0.0894274857454131
			]
		],
		"fy": 5544.176529399524,
		"fx": 5544.176529399524
	},
	{
		"id": 10,
		"img_name": "DSC00733_1",
		"width": 4307,
		"height": 2871,
		"position": [
			-4.941442851645079,
			-0.32658690559127576,
			0.38029404147257286
		],
		"rotation": [
			[
				0.2139063139171431,
				-0.333103095605873,
				0.9183062760126194
			],
			[
				0.25438721366556146,
				0.9266245972913836,
				0.27686459004006466
			],
			[
				-0.9431496352063401,
				0.1743822909367971,
				0.2829480203461081
			]
		],
		"fy": 5544.176529399524,
		"fx": 5544.176529399524
	}
]